lambda: 0.13544951561665153
alpha: 0.0010181835507502832
subsample: 0.7885676744065945
colsample_bytree: 0.7090337807050557
max_depth: 4
learning_rate: 0.12136026483574651
n_estimators: 75
